# channels number
5
# samples number
       626
# sampling rate
 0.0166667
# start date
31-10-2013
# start time
10:15:19.000
# channels names
x-á;y-á;x-ì;y-ì;sea_level
-25.3958 -5.49008 21.2578 -1.43123 178 
58.0361 2.67178 51.9438 4.14242 178 
43.0736 0.914369 48.5831 3.06305 178 
41.5299 1.60954 51.1729 3.52197 178 
26.3523 1.44204 49.9655 3.34236 178 
10.0516 1.59078 50.0196 3.37986 178 
3.11657 1.49206 49.9849 5.1566 178 
2.88374 1.51649 49.0715 5.07163 178 
4.18081 1.51603 41.2181 2.65129 178 
17.5261 1.48802 37.033 2.78507 178 
26.1936 1.5537 33.2644 1.97882 178 
30.0533 1.43368 30.6459 2.64432 178 
27.8377 1.59256 29.9375 3.47396 178 
19.2073 -0.273627 29.9554 3.26887 178 
5.90509 -0.593768 30.1137 2.78737 178 
-10.1517 -3.36345 30.5121 1.63425 178 
-18.6461 1.85061 31.9605 1.2167 178 
-28.3466 2.49245 32.2718 2.39403 177 
-37.3086 -1.20078 31.7697 3.3342 177 
-34.6032 -0.18905 30.6332 3.31575 177 
-26.41 -0.632656 28.4301 3.39953 177 
-17.6085 -0.430836 25.2585 3.36348 177 
-9.81801 -0.257698 21.2625 3.38652 176 
-3.46879 0.864519 18.0818 3.34985 176 
1.50474 1.1802 14.4145 3.25644 176 
2.96701 0.809113 13.2256 3.43418 177 
2.03339 -0.672648 12.4544 3.04616 177 
-0.562661 -1.86364 13.1082 2.52876 177 
-2.34532 -2.12215 14.0544 2.81567 177 
0.195376 -2.64426 16.6765 2.02106 178 
11.8498 -2.49431 16.4712 3.22639 178 
27.2432 -2.56155 19.2245 3.37538 178 
46.7202 -1.85456 21.4626 3.32574 178 
69.6806 -2.52781 23.5002 3.64816 178 
87.692 -2.22153 24.3911 3.90875 178 
96.913 -1.01881 24.6845 3.78497 178 
104.231 -1.27411 24.8297 4.05251 178 
106.516 -0.82855 23.0959 3.6052 178 
127.14 -0.555193 21.4379 2.34969 178 
132.057 -1.74402 21.4068 1.49037 178 
134.939 -2.60263 22.5384 1.80323 178 
138.096 -2.45322 24.7215 1.81707 178 
140.651 -2.51271 27.1278 2.19897 178 
145.554 -2.50475 30.1178 3.1132 178 
146.302 -2.37847 33.2311 3.38265 178 
140.882 -2.50328 36.1439 3.35911 178 
133.706 -0.900243 38.7831 3.38052 178 
121.722 -0.504996 41.4067 3.37429 178 
103.704 -0.33811 43.1324 3.37716 178 
78.2756 -1.34911 45.2645 3.37556 178 
51.1601 -0.979487 47.1321 3.37672 178 
35.501 1.52652 49.2055 3.37548 178 
2.80802 1.4585 49.8793 3.37741 178 
-14.554 0.83132 49.7972 3.37347 178 
-25.5892 -0.300109 49.4842 3.38623 178 
-36.7842 -0.431947 48.2325 3.38664 178 
-44.8314 0.0408753 48.1929 3.37329 178 
-47.6687 -0.809743 47.3803 3.37763 178 
-48.2048 -2.5886 46.1305 3.37513 178 
-52.4046 -0.822203 45.875 3.37732 178 
-53.6753 -0.508051 44.7286 3.37449 178 
-52.5412 -0.475442 43.2763 3.37911 179 
-52.2261 0.488211 42.08 3.37066 179 
-52.4857 0.903449 39.9208 3.38768 179 
-52.9084 1.7082 36.6999 3.32921 180 
-49.9943 1.06959 33.6084 3.24688 180 
-54.9524 0.46089 29.9837 2.85579 180 
-54.9561 2.34063 26.4982 2.44967 180 
-55.0888 8.04418 25.2441 1.89561 180 
-64.0657 -0.34977 22.142 2.81299 180 
-71.343 -1.22487 19.4343 2.36253 180 
-73.3923 -2.7187 16.3035 2.96657 180 
-72.3833 -2.24582 19.0702 2.55894 180 
-65.9946 -1.4841 20.4974 1.84583 179 
-59.4879 5.5246 21.1804 1.38975 179 
-55.3453 5.94128 18.8583 1.49625 179 
-50.9342 7.72322 16.4368 1.40364 179 
-46.0996 6.72463 14.606 1.44443 179 
-43.0006 5.50615 12.6416 1.40086 178 
-38.9618 5.54892 12.015 1.70137 178 
-35.9128 5.4361 14.8803 2.49059 178 
-34.4769 5.26201 18.6075 2.94752 179 
-36.0522 4.19924 22.0857 3.24506 179 
-40.7704 4.80221 25.1913 3.48001 179 
-48.7247 3.54796 26.8567 3.58801 179 
-59.7088 4.82225 28.6314 3.34662 179 
-72.9975 0.223528 24.3166 3.418 179 
-87.4265 -2.76844 10.6375 3.48862 179 
-94.2467 -2.28879 17.293 3.35044 179 
-97.5199 -2.3656 22.7996 3.15416 179 
-97.2714 -2.50072 16.9966 2.1043 179 
-95.8306 -2.48811 13.5741 1.47473 179 
-91.9738 -2.52497 17.519 1.49163 179 
-88.7467 -2.55575 17.5638 1.53051 178 
-78.4615 -1.94267 22.1394 1.48503 178 
-66.6735 3.74573 27.1494 1.38715 178 
-60.1954 1.80952 30.0616 1.43913 179 
-53.3403 3.23673 33.6104 1.55365 179 
-48.6884 2.73327 36.5122 1.52833 179 
-47.1916 -2.75965 39.4572 2.65833 179 
-35.9719 -2.10679 43.2796 3.38653 179 
-27.5312 -2.57447 47.3136 3.30358 179 
-22.5193 -2.39706 49.985 3.34574 180 
-13.7747 -2.54168 52.9659 3.13609 180 
-6.10712 -3.19829 57.1355 3.32588 180 
0.0808041 -4.23643 60.0117 3.24952 180 
6.09253 -3.44123 61.34 2.79091 179 
6.08714 -2.72708 61.7123 2.63612 180 
6.03994 -2.77046 60.8975 3.26822 180 
5.16584 -2.68217 59.5733 3.11774 180 
2.36634 -2.16278 58.2405 2.58423 179 
5.44461 -2.57005 57.0147 1.72784 179 
1.98259 -1.10327 55.9569 1.64721 179 
-1.53247 0.451659 54.0665 2.52253 179 
-4.21006 -0.88363 53.4195 2.2178 179 
-6.09952 -1.57025 54.2734 3.22341 179 
-8.59665 -1.6687 55.8505 3.2396 180 
-13.9868 -0.3644 56.4379 2.97966 180 
-14.588 -0.489027 56.1458 3.13638 180 
-15.508 0.108095 56.336 3.25567 180 
-16.5821 0.219242 56.4034 3.30359 180 
-18.2418 0.462439 55.3573 3.39871 181 
-21.3361 1.55041 53.9527 3.4899 181 
-26.877 1.4884 51.6626 3.3969 181 
-34.1522 2.09091 48.6056 3.33659 181 
-41.7991 2.92516 44.7648 3.47273 181 
-48.8869 2.67259 41.8042 3.41741 181 
-55.1296 3.23973 39.217 3.29088 183 
-57.5745 2.78101 37.1767 3.62846 183 
-56.3106 2.15505 36.245 3.47445 183 
-58.1118 3.55024 36.5567 3.58878 181 
-54.8254 3.01142 38.4937 3.51184 183 
-47.2824 3.41988 41.2972 3.56767 183 
-38.6357 7.73119 45.7653 3.34744 183 
-30.7434 11.9841 51.2493 3.36727 183 
-24.6982 8.97844 56.4207 3.3683 183 
-19.8925 11.541 61.7219 3.37734 183 
-17.0785 10.9906 66.5863 3.39371 184 
-15.6955 9.55438 70.4164 3.38892 184 
-14.984 6.62782 74.6304 3.501 184 
-16.6832 0.569592 77.4331 3.94838 185 
-16.301 1.43031 80.2842 3.82114 185 
-17.719 3.09809 81.8817 3.60463 185 
-19.6835 3.92583 82.9502 3.50865 185 
-20.1567 1.78592 83.9011 3.06554 185 
-17.925 2.89352 83.0065 3.22784 185 
-12.1776 2.78217 81.2258 3.29881 185 
-3.38156 3.21563 77.7875 3.14272 185 
7.66077 3.45729 72.7152 3.26502 184 
18.7486 4.27161 67.7791 3.58094 184 
27.5988 4.81518 63.2894 3.63017 184 
33.3221 4.62574 59.2718 3.44667 184 
35.989 4.88818 55.2229 3.88166 184 
34.8709 5.61345 52.3136 3.70229 184 
30.6815 5.66728 49.6725 3.49504 184 
25.2209 5.67659 47.7221 3.67038 184 
22.2967 5.61448 46.4389 3.59966 185 
24.7597 5.526 44.8701 3.4804 185 
33.3774 5.52737 43.2295 3.4499 185 
46.9274 5.55744 41.8268 3.65628 185 
64.2536 5.90375 40.6385 3.50882 185 
82.3466 6.30226 40.0825 3.68135 185 
102.14 6.78513 39.9368 3.54853 185 
121.007 7.06893 40.8298 3.9347 185 
141.19 7.03324 42.0032 3.75922 185 
159.306 7.63555 43.6588 3.95764 185 
183.088 9.77685 47.3692 3.72872 185 
190.034 9.34015 51.4138 3.98928 185 
213.146 9.44696 55.6475 3.51741 185 
96.1844 7.98836 60.0974 3.51904 185 
57.6816 7.54929 64.5245 3.40896 185 
63.9669 7.56103 68.8301 3.39314 185 
57.3239 7.85321 73.1368 3.33161 185 
52.8755 7.91642 77.4942 3.31206 185 
40.0406 7.95581 81.0482 3.23695 186 
52.8069 8.06418 84.7687 2.40393 186 
164.168 9.25529 88.6846 3.14406 186 
136.252 9.07514 98.1684 3.33797 186 
121.859 9.20937 103.804 3.25332 186 
102.257 7.21098 107.073 3.30472 186 
96.1441 7.24784 105.327 2.65329 186 
91.9212 6.83863 106.87 2.80851 186 
91.0297 6.57537 106.827 3.40627 186 
89.0235 6.47818 104.731 3.58776 186 
86.3145 6.38859 101.661 3.74233 185 
81.5398 6.05755 96.7569 3.34829 185 
74.1818 5.43762 91.2824 3.39262 185 
63.2562 5.37303 83.5441 3.28441 185 
48.6251 5.37012 75.3207 3.13064 185 
33.1207 5.26638 70.7033 3.20733 185 
19.0299 4.98836 66.9598 3.64953 185 
4.93488 4.37083 64.0366 4.0815 186 
-8.38496 4.02214 61.7552 3.65434 186 
-18.4717 3.79907 60.4206 3.60597 186 
-23.3212 3.74867 58.7086 3.32042 186 
-22.2611 3.59176 57.0802 2.91197 186 
-16.165 3.51966 56.4101 2.64034 186 
-6.89147 3.44714 56.053 2.73385 187 
4.06068 3.50698 56.1505 3.08661 187 
15.864 3.58972 56.7555 3.06015 187 
25.9736 3.58666 57.807 3.29682 187 
33.2068 3.42253 59.0338 3.00063 187 
36.6308 2.51962 59.9107 3.0834 187 
35.7068 2.40979 59.3194 3.02337 187 
30.3388 2.38376 58.3307 2.60071 187 
21.4632 2.07966 56.6019 2.12896 187 
10.6964 2.29762 54.7615 2.40162 187 
-0.557218 2.8846 52.8702 2.39398 188 
-11.3557 2.87629 50.6996 2.53265 188 
-20.5444 2.98018 48.3784 2.18814 188 
-27.8554 3.26052 45.805 1.99992 188 
-31.8721 3.27698 43.3029 2.10009 188 
-32.0659 3.25568 41.3582 1.49064 188 
-28.0638 1.9 40.0839 1.30877 188 
-21.2678 0.758324 38.6913 1.46049 188 
-13.9537 1.32058 37.8038 0.993492 188 
-8.35633 1.63406 36.9299 1.09588 188 
-3.04808 0.875246 35.3038 1.11338 188 
1.11876 -0.55722 33.3275 1.12173 188 
1.78853 -0.420401 31.3399 1.43892 188 
-0.658479 -0.528705 29.084 1.12881 188 
-4.91726 -0.281258 27.3969 1.15439 188 
-10.5363 0.641599 26.674 1.19635 188 
-17.1495 -0.2712 24.9484 1.17246 188 
-23.6113 0.569492 24.3811 1.29818 188 
-28.6747 2.62933 24.833 0.936232 188 
-32.9754 1.21435 25.6492 0.948354 188 
-36.9024 -0.357637 26.4935 1.05708 188 
-40.0396 -0.452472 27.319 1.18082 188 
-42.0625 -0.382767 28.5405 1.31076 188 
-42.3335 -0.286338 29.5679 1.36553 188 
-42.4391 1.89155 30.0644 1.34996 189 
-41.2425 3.41134 31.0828 1.41574 189 
-39.1437 3.66998 31.9085 1.47349 189 
-37.466 4.00135 32.8191 1.42478 189 
-35.8117 5.06812 33.7117 1.46157 189 
-34.0718 5.57161 34.3519 1.50246 189 
-32.693 4.51063 35.2645 1.41265 189 
-30.6048 2.87986 35.151 1.21533 189 
-26.9759 3.47022 34.4729 1.19893 189 
-22.1915 3.52962 34.281 1.17661 189 
-16.2346 4.03001 34.2586 1.09591 189 
-9.60809 4.14838 33.5006 0.971675 188 
-1.57018 4.79464 33.5752 1.44101 188 
7.36222 5.16614 33.51 1.24377 188 
17.7107 5.68266 33.9072 1.73562 189 
27.7005 6.60356 34.4876 1.62666 189 
39.3026 7.02235 35.1239 1.50915 189 
54.6163 7.76875 35.9355 1.5224 189 
75.8298 7.52314 37.5042 1.39467 189 
96.6942 7.9491 39.1862 1.30584 189 
114.85 9.6272 39.3604 1.07418 189 
128.306 9.57344 39.3813 0.738143 189 
136.92 9.3401 38.3132 0.591411 189 
140.212 7.7264 36.7515 0.203626 189 
139.906 7.63075 35.1486 -0.286977 189 
139.765 7.64847 33.2865 -0.00111012 190 
141.163 7.71709 30.6282 0.129766 190 
145.333 7.75416 29.1211 0.463939 190 
152.154 9.08988 28.2988 0.793121 190 
159.143 9.73546 27.6423 1.01527 191 
164.093 9.59181 26.9912 1.06319 190 
167.022 9.45457 26.1399 0.803423 190 
167.988 9.36915 24.7189 0.854523 190 
167.92 9.38874 23.6324 0.352853 190 
166.048 9.48308 23.4087 0.615754 190 
162.315 9.4385 22.756 0.328464 190 
157.395 7.62588 20.8278 0.193704 191 
153.268 7.49218 18.6629 0.0311459 191 
151.485 7.60296 18.1021 0.219694 191 
153.482 7.36911 17.8757 0.184107 191 
159.157 8.11425 17.892 -0.0402899 191 
166.483 9.54319 17.7465 -0.148671 191 
173.647 9.07086 16.457 -0.204242 191 
176.825 8.47924 16.8459 -0.372353 191 
178.709 9.09551 16.4436 -0.152184 191 
181.545 8.89843 15.2905 0.256033 190 
180.795 8.96583 15.3255 0.295673 190 
177.801 9.17352 15.9702 -0.417072 190 
170.611 7.98692 16.5069 -0.51799 190 
163.599 7.5146 17.9787 -0.57337 190 
155.122 7.44474 19.988 -0.530053 190 
146.048 7.06468 22.2459 -0.638092 190 
137.533 5.77429 25.0092 -0.614582 190 
128.214 5.39169 27.5102 -0.631013 190 
115.474 3.46751 29.7746 -0.617008 190 
100.523 1.83539 32.0851 -0.673401 190 
85.7181 1.48143 34.4456 -0.618566 190 
71.246 1.55174 36.1547 -0.630092 190 
56.0999 1.31862 37.483 -0.500275 190 
41.151 1.13419 38.0861 -0.407992 190 
27.0897 0.0190485 37.8067 -0.609006 190 
13.0228 -0.576026 37.7301 -0.495812 190 
-1.17894 -0.611674 36.7916 -0.47557 191 
-15.3983 -0.953715 34.732 -0.105329 190 
-26.4278 -1.97977 32.497 -0.228493 191 
-34.231 -2.55828 30.0349 -0.433296 191 
-39.7204 -2.40559 27.4165 -0.211079 191 
-43.6708 -3.37094 25.0217 -0.569281 191 
-46.0388 -4.317 23.7141 -0.726332 191 
-47.8205 -4.52845 22.6563 -0.62057 191 
-48.4749 -4.4413 23.4257 -0.613553 191 
-50.017 -4.57759 24.2818 -0.551902 191 
-52.0508 -4.30941 25.1292 -0.510475 191 
-54.3986 -5.12021 25.3077 -0.594748 191 
-57.4567 -5.14432 25.2933 -0.653159 191 
-62.076 -5.63859 26.3225 -0.701593 192 
-65.5217 -1.27149 25.8144 -0.618767 191 
-71.6044 4.24631 25.0934 -0.327534 192 
-80.5209 -3.38739 21.066 -0.495783 191 
-84.1922 -3.03297 18.4822 -0.605817 191 
-84.9639 -4.29377 16.7001 -0.482623 191 
-86.3155 -3.68968 13.7713 -0.614176 191 
-86.2016 -4.66167 10.9786 -0.517143 191 
-83.828 0.927163 11.453 -1.27235 191 
-82.51 3.98803 12.7238 -1.22539 191 
-82.4789 3.1763 15.3248 -0.505647 191 
-82.2423 4.04306 17.3175 -0.729741 191 
-84.6381 0.371652 18.7844 -0.864185 191 
-91.115 -4.2524 19.344 -0.696405 191 
-98.6098 -4.40429 16.0672 -0.441166 191 
-105.744 -4.55276 12.2967 -0.631683 192 
-112.786 -4.48823 10.5663 -0.581104 192 
-117.208 -4.49588 11.0586 -0.737087 192 
-117.828 -4.4755 11.7789 -0.770101 192 
-111.241 -4.53533 12.112 -0.632614 192 
-103.934 -4.75858 12.9904 -1.12432 192 
-98.6712 -4.82371 15.398 -0.969628 192 
-95.1602 -4.54031 14.4988 -0.58762 193 
-91.4306 -4.62785 15.2466 -0.596611 193 
-87.8475 -5.53585 12.5644 -0.407402 193 
-82.8898 -3.61008 11.4078 -0.0729225 193 
-79.8436 -4.60193 7.88566 0.0388342 193 
-78.2342 -4.39373 2.40804 -0.486934 193 
-79.3356 -4.59885 -14.1579 -0.52015 193 
-81.9544 -4.31435 -17.156 -0.304972 193 
-86.0069 -4.89274 -48.3747 -0.520581 193 
-89.9728 -1.23314 -44.1744 -0.556835 193 
-94.9161 2.16524 -60.7559 -0.607886 193 
-100.751 -3.87941 -69.1473 -0.58626 193 
-103.326 -4.43134 -67.4134 -0.586722 193 
-104.017 -5.80774 -58.8427 -0.567107 193 
-101.386 -4.60935 -65.6838 -0.339116 193 
-98.5282 -5.73969 -59.7346 -0.428812 193 
-94.7804 -6.65793 -52.9527 -0.551058 193 
-90.6557 -5.69989 -52.6404 -0.601618 193 
-86.5661 -4.20246 -59.9232 -0.621451 193 
-84.2025 -4.80606 -58.6103 -0.634409 193 
-82.5431 -6.44022 -54.4052 -0.524439 193 
-80.9655 -6.45338 -55.6477 -0.563764 193 
-79.0291 -6.50642 -45.255 -0.458011 193 
-78.1544 -6.47875 -30.056 -0.532503 192 
-76.9185 -6.45904 -10.3559 0.0907061 193 
-76.2077 -6.43989 9.82026 0.858855 192 
-76.8975 -6.48971 20.8314 1.1308 193 
-80.1771 -6.51041 18.9472 1.15112 193 
-86.4402 -6.43669 16.6685 0.686137 193 
-94.2622 -5.39748 22.4588 1.04156 193 
-104.244 -1.55652 28.8313 1.3192 193 
-115.307 0.618572 29.4687 1.02936 193 
-123.999 -4.98037 31.7939 1.06597 193 
-127.142 -6.10134 23.7236 1.05493 193 
-121.668 -6.21485 22.0044 1.16071 193 
-110.914 -5.54097 23.4914 1.25718 193 
-98.1028 -6.13483 19.8988 1.36628 193 
-83.6177 -6.26752 18.6074 1.36569 193 
-67.5881 -4.65665 33.5615 1.42661 193 
-52.4615 0.884041 37.541 1.37625 193 
-41.4535 1.82299 37.9872 1.40525 193 
-33.9967 1.34475 36.9002 1.21198 193 
-31.3903 -0.962662 36.2645 1.20924 193 
-32.8838 -7.13969 30.9952 0.340663 193 
-33.9205 -3.66601 31.3378 -0.209653 192 
-36.8554 1.54331 30.1307 -0.0139612 192 
-42.6335 2.71581 27.9905 0.468351 193 
-49.4812 -3.15481 23.8794 -0.119431 193 
-54.1189 -4.34399 20.5573 0.0696579 193 
-57.354 -4.35118 16.8065 0.318189 193 
-58.8606 -3.70655 14.1846 0.118008 193 
-59.2723 -2.6436 11.9321 0.433064 193 
-58.4501 -2.44167 12.4724 0.647561 192 
-59.1509 -2.56833 13.4436 0.938592 192 
-60.9739 -1.83374 16.7394 1.09389 192 
-63.9479 -1.13454 19.3142 1.36512 192 
-65.8083 2.63704 4.1341 0.992932 192 
-67.2501 7.58453 -3.77784 1.33776 192 
-67.5743 5.59773 -28.3943 1.28595 192 
-68.6849 -1.20058 -39.806 1.01842 192 
-62.2107 -2.20927 -51.2512 0.131742 192 
-46.8049 -1.66109 -49.1271 -0.0550023 192 
-28.3313 -0.563484 -41.3928 -0.307524 192 
-9.88964 -0.500272 -35.3214 -0.213286 192 
7.64902 -0.405016 -26.1099 -0.201322 192 
20.395 -0.349377 -28.1593 -0.283793 192 
27.1308 -0.143706 -34.569 -0.369897 192 
30.5439 -0.00190472 -30.9014 -0.0989219 193 
32.5566 0.00508677 -47.7867 0.0213596 193 
34.5635 0.0918384 -54.9668 -0.0850604 193 
36.6686 0.0244016 -58.9841 -0.406703 193 
38.7978 0.483186 -70.8126 -0.567386 193 
40.7725 0.811755 -77.4257 -0.720771 193 
42.9079 1.20938 -77.1996 -0.758361 193 
44.6563 1.48845 -79.7212 -0.622576 193 
45.7304 1.52909 -81.0841 -0.587274 193 
45.6487 1.99506 -78.5534 -0.546446 193 
45.1537 2.6644 -69.7512 -0.120429 193 
44.0087 3.1484 -72.151 -0.336212 193 
44.0544 3.45244 -81.6738 -0.531994 193 
46.1681 3.46108 -83.58 -0.519484 193 
49.351 3.53814 -87.0093 -0.602589 193 
53.8016 3.67911 -90.9076 -0.775521 193 
61.4982 4.01062 -92.6588 -0.757916 193 
72.314 4.04274 -92.7582 -1.22965 193 
84.641 4.757 -94.8278 -0.985682 193 
98.484 4.61207 -95.4224 -1.55942 193 
114.778 4.98503 -97.9452 -1.18926 193 
129.812 5.03085 -99.6725 -0.778874 193 
145.017 5.50686 -100.817 -0.869682 193 
159.012 6.23564 -102.713 -1.67412 193 
168.914 5.90451 -103.936 -2.2434 193 
173.1 5.66239 -105.867 -2.35867 193 
174.853 5.98084 -105.678 -2.32958 193 
175.185 5.68838 -106.004 -2.63466 193 
171.561 5.67341 -104.719 -2.60801 193 
164.081 5.56793 -102.868 -2.5384 193 
153.239 5.4708 -101.824 -2.64988 193 
141.85 4.59762 -99.6341 -2.52713 193 
127.972 4.00727 -96.5193 -2.495 193 
109.921 3.66189 -97.2612 -2.35737 193 
89.6136 3.71383 -96.4648 -2.12581 193 
66.0855 2.01409 -94.3127 -2.53361 193 
39.6691 1.46642 -92.4589 -2.52946 193 
17.2017 1.50984 -93.2947 -2.43128 193 
-1.59712 1.4484 -93.5188 -2.36473 193 
-15.7179 0.917293 -98.8303 -2.46554 193 
-23.1697 0.638611 -103.027 -2.07455 193 
-26.0206 0.191107 -111.669 -1.34085 193 
-25.3489 -0.0455621 -112.405 -1.1882 192 
-19.9462 -0.257659 -126.485 -0.584238 192 
-11.4511 -0.277003 -129.726 -0.52873 192 
-1.33981 -0.391244 -141.652 0.0468242 192 
9.38112 -0.261267 -141.8 0.139846 192 
19.0224 -0.2649 -140.213 0.27089 192 
26.2061 -0.453234 -140.766 0.835535 192 
30.5406 -0.49136 -122.194 -0.480423 192 
31.6659 -0.490263 -119.568 -0.186887 192 
28.8767 -0.537757 -111.31 -0.240029 191 
22.5198 -0.741395 -108.113 -0.668755 192 
12.9184 -1.58844 -107.861 -0.769906 192 
1.07362 -2.51275 -102.582 -1.24445 191 
-11.3772 -2.4727 -100.691 -2.00762 191 
-24.0569 -2.49532 -98.8195 -2.38595 191 
-37.8647 -2.48931 -98.4139 -2.51489 191 
-52.7568 -2.45151 -98.5934 -2.37958 191 
-68.7956 -2.55872 -97.8069 -2.55103 191 
-86.3191 -2.37137 -98.8296 -2.13324 191 
-102.146 -3.88388 -101.116 -2.1496 191 
-111.571 -3.65775 -97.0924 -2.51911 191 
-110.915 -2.45749 -97.5071 -2.24914 191 
-101.299 -4.99044 -98.6408 -2.37499 191 
-85.3672 0.963069 -100.301 -2.15693 191 
-68.5016 3.36931 -94.4777 -2.48187 191 
-52.8251 -1.45635 -89.3756 -2.30479 191 
-37.3418 -5.02927 -88.8941 -1.89592 191 
-21.5828 -0.406028 -79.7537 -1.42921 191 
-11.5056 3.09867 -76.0127 -1.72957 191 
-5.51286 4.84528 -82.9504 -2.21907 191 
-4.32949 5.32768 -78.6244 -1.8279 191 
-9.6831 4.60313 -55.1092 -1.82284 191 
-19.2472 5.06957 -40.176 -1.10727 191 
-31.8246 5.10886 -29.9261 -0.919541 190 
-46.8836 3.62668 -24.8509 -0.743876 190 
-62.6978 3.5614 -41.9463 -1.43117 190 
-78.7285 3.90371 -44.6873 -0.986641 190 
-93.3088 6.01331 -71.5025 -1.72319 190 
-106.177 -0.844881 -66.9429 -2.0163 190 
-113.835 -2.57647 -74.5349 -2.03744 190 
-116.692 -2.14479 -72.9701 -2.14042 190 
-115.422 -2.32871 -71.8985 -2.5471 190 
-110.795 -2.39785 -76.6317 -2.72648 190 
-102.793 -1.94315 -73.8842 -2.91904 189 
-94.0166 5.32294 -72.4957 -2.72722 189 
-86.5513 3.72187 -78.6933 -2.54838 189 
-77.9603 3.22547 -73.7683 -2.47066 190 
-72.6455 4.27044 -84.7887 -2.64737 190 
-69.2687 -1.55065 -83.0531 -2.58905 190 
-68.3257 -5.5784 -86.0678 -2.84535 190 
-68.4994 -4.83863 -81.71 -2.91789 190 
-67.7161 -5.06285 -73.9244 -3.72455 190 
-66.6433 -4.37401 -72.5682 -3.87911 190 
-65.5771 -4.37284 -62.2529 -3.28748 190 
-63.5574 -4.05292 -62.3966 -3.41309 190 
-60.0745 -3.97601 -55.6872 -3.11805 190 
-54.2337 -3.74705 -57.7687 -3.10987 191 
-46.4334 -3.21124 -61.894 -3.55301 191 
-38.0296 -2.82252 -59.1681 -3.61098 190 
-30.2921 -2.59202 -65.8574 -3.41304 190 
-23.7875 -2.54827 -69.8426 -2.74212 190 
-18.2546 -2.50053 -68.213 -2.86723 190 
-16.7013 -2.53661 -66.2658 -3.84483 190 
-20.6778 -2.80813 -66.6672 -3.71835 190 
-26.2433 -4.27096 -59.2164 -3.65313 190 
-33.384 -4.65675 -66.2512 -3.83873 190 
-41.3425 -5.3632 -51.9653 -3.91973 189 
-49.4297 -6.37464 -50.9536 -3.99857 189 
-58.3486 -6.51784 -44.3398 -3.69115 189 
-66.9791 -6.47481 -35.3865 -3.76526 189 
-73.9068 -6.86814 -22.7701 -3.83014 188 
-76.9078 -5.85189 -23.4073 -4.18293 188 
-81.6025 -0.189963 -9.15267 -4.28646 188 
-86.8478 -0.349127 -11.9589 -3.99138 188 
-93.2227 -6.82941 -31.1216 -3.34736 188 
-98.0163 -7.52576 -34.6099 -3.65668 188 
-100.422 -6.45611 -29.0693 -3.60489 188 
-97.9981 -6.51983 3.88948 -2.81326 188 
-91.9786 -8.58315 19.6165 -2.42762 188 
-82.6614 -2.68373 22.2095 -2.62976 188 
-75.4803 1.86965 19.0472 -2.6648 188 
-70.1812 1.27491 17.9151 -2.86596 188 
-66.0295 1.60346 14.5248 -2.71368 188 
-63.4184 1.40991 12.5879 -3.08977 188 
-63.4328 -0.0103802 9.80756 -3.40578 188 
-63.5616 -4.84835 9.21067 -3.55474 188 
-65.9992 -6.60241 8.0576 -3.44292 188 
-68.3986 -5.95576 5.96407 -3.74403 188 
-68.3633 -6.39127 1.37457 -4.01062 188 
-66.1513 -4.80958 3.33162 -4.21673 188 
-61.8397 -4.78801 5.40829 -4.67657 188 
-55.5339 -4.41957 6.90734 -3.78234 188 
-47.5587 -4.48178 8.47732 -3.54781 188 
-38.5171 -4.31452 9.28062 -3.21813 188 
-28.2216 -4.36569 9.28334 -2.73519 188 
-16.8493 -4.3958 8.80963 -2.69206 188 
-5.00394 -4.38318 10.2742 -2.79127 187 
6.06013 -4.27655 10.3849 -2.75368 188 
15.1805 -2.80518 9.88404 -2.76118 187 
22.0915 -2.50692 9.71879 -2.6527 187 
26.8866 -2.50784 9.05772 -2.55735 187 
32.0863 -2.49203 8.85657 -2.67617 187 
38.3845 -2.45283 8.67377 -2.68241 187 
44.7744 -2.20125 8.49754 -2.7575 187 
51.5536 -2.17027 9.50341 -2.57623 187 
55.7286 -1.70689 9.16884 -2.54697 187 
57.4712 -0.565875 9.77596 -2.59734 186 
60.0984 -0.50045 9.16076 -2.67194 186 
61.4298 -0.481468 9.53168 -2.70868 186 
63.3048 -0.496878 8.13926 -2.86111 186 
66.0408 -0.483724 8.28726 -3.07647 186 
69.1766 -0.499942 8.19174 -3.09869 186 
72.1168 -0.460003 9.16504 -3.26562 186 
75.007 -0.384248 7.1611 -3.69879 186 
77.6231 -0.330123 10.4335 -3.24101 186 
80.5818 -0.263507 12.133 -2.80936 186 
82.3051 0.550038 10.9732 -2.7536 186 
82.9093 1.0718 10.27 -2.7906 186 
80.8629 1.34821 8.7877 -2.71207 186 
78.0443 1.37275 8.56448 -2.81684 186 
77.5112 1.3726 6.88207 -2.7151 186 
80.8739 1.36954 3.07573 -2.80993 186 
85.4936 1.51136 -1.25154 -3.20757 186 
94.2187 1.6533 -18.2761 -3.29156 186 
104.132 2.52578 -20.4247 -3.69208 186 
115.762 3.39156 -41.9452 -3.75296 185 
129.181 3.51204 -60.4397 -3.76329 185 
143.069 3.53358 -73.0717 -3.76357 185 
155.79 3.46818 -71.0101 -2.79986 185 
164.182 3.39181 -37.8815 -2.7333 185 
170.722 2.7378 -22.2676 -2.866 185 
173.567 1.93985 -29.5849 -2.87321 185 
172.519 1.63374 -48.8334 -3.10038 185 
167.856 1.75851 -64.6956 -3.30602 185 
160.881 1.86238 -85.6968 -3.82089 185 
153.29 1.62743 -76.6535 -3.36088 184 
145.762 1.41474 -76.4748 -3.50734 184 
137.327 1.2596 -45.0428 -3.11279 184 
129.028 0.974971 -40.1376 -2.91312 184 
117.873 0.632643 -50.4799 -2.823 184 
104.973 -0.0173489 -69.6711 -3.00502 184 
91.6905 -0.951652 -46.6934 -3.25728 184 
78.3782 -2.45693 -60.2188 -2.94615 183 
67.3778 -3.99557 -57.2437 -3.26151 183 
54.8036 -4.58355 -72.2913 -3.76806 183 
35.8772 -4.44828 -66.4008 -3.49159 183 
14.122 -4.56357 -73.1959 -3.4758 183 
-7.6882 -5.89279 -55.8641 -5.092 183 
-31.2331 -8.02131 -111.308 -6.38113 183 
-55.3521 -8.58399 -97.2887 -4.36736 184 
-95.4142 -10.2599 -128.488 -3.14934 184 
-115.909 -10.4594 -164.376 -4.20038 184 
-124.297 -11.4509 -152.405 -3.93508 184 
-126.128 -12.345 -43.6683 -6.5578 184 
-118.641 -10.5579 -20.9506 -6.60305 185 
-109.206 -4.08681 -16.5042 -6.90936 185 
-99.8204 -6.09483 -6.40302 -6.18173 185 
-90.4787 -11.7588 -32.0313 -4.85718 185 
-78.7049 -11.8326 -41.0766 -5.08988 184 
-60.1449 -12.3365 -11.5669 -5.13496 184 
-50.4449 -12.1742 -8.20799 -4.73082 184 
-30.5613 -11.7065 -35.0407 -5.48274 183 
-9.43926 -10.3757 -79.9966 -5.21813 183 
-8.24402 -10.5576 -68.9878 -4.74177 183 
-8.30262 -10.5981 -50.3299 -4.83355 183 
-13.278 -12.0693 -40.1773 -4.74916 181 
-20.8682 -12.5242 -38.3386 -4.59997 181 
-31.3552 -12.4802 -27.7013 -4.62191 181 
-41.6777 -12.4938 -39.0238 -4.59601 181 
-50.694 -12.4887 -56.083 -4.75076 181 
-58.266 -12.4902 -65.6009 -4.85069 181 
-62.3124 -12.4941 -72.8118 -4.67861 181 
-64.3443 -12.5698 -70.4638 -4.63314 181 
-63.4618 -12.4997 -46.6519 -4.66141 181 
-60.1725 -12.4013 -34.1898 -4.81796 180 
-51.2571 -12.5594 -17.5994 -4.97257 180 
-47.8646 -12.4853 -21.1183 -4.94119 180 
-45.1722 -12.4807 -32.2549 -6.01387 180 
-44.5892 -12.5135 -17.9303 -6.1551 180 
-44.9468 -12.4835 -32.3665 -6.23837 180 
-64.2 -13.7244 -50.9755 -6.74169 180 
-72.8266 -14.3303 -9.33496 -6.7849 180 
-70.1356 -14.3637 -13.2832 -6.84602 180 
-70.7075 -14.3939 -7.83077 -6.69481 180 
-69.8173 -13.5936 -2.49208 -6.59622 180 
-71.56 -12.9153 -1.94738 -6.60416 180 
-67.6233 -13.3986 -8.78706 -6.40605 180 
-76.3521 -13.3322 -60.5573 -6.76775 180 
-77.0561 -12.4534 -63.5101 -6.15734 180 
